function value = jetsat

value = [        0         0    0.5625
    0.0286    0.0291    0.6250
    0.0571    0.0583    0.6875
    0.0857    0.0874    0.7500
    0.1143    0.1165    0.8125
    0.1429    0.1457    0.8750
    0.1714    0.1748    0.9375
    0.2000    0.2039    1.0000
    0.2232    0.2649    1.0000
    0.2465    0.3258    1.0000
    0.2697    0.3867    1.0000
    0.2929    0.4477    1.0000
    0.3161    0.5086    1.0000
    0.3394    0.5695    1.0000
    0.3626    0.6305    1.0000
    0.3858    0.6914    1.0000
    0.4090    0.7523    1.0000
    0.4323    0.8133    1.0000
    0.4555    0.8742    1.0000
    0.4787    0.9351    1.0000
    0.5020    0.9961    1.0000
    0.5291    0.9783    0.9818
    0.5561    0.9604    0.9636
    0.5832    0.9426    0.9455
    0.6103    0.9248    0.9273
    0.6374    0.9070    0.9091
    0.6645    0.8891    0.8909
    0.6916    0.8713    0.8727
    0.7187    0.8535    0.8545
    0.7458    0.8357    0.8364
    0.7729    0.8178    0.8182
    0.8000    0.8000    0.8000
    0.8182    0.8182    0.7729
    0.8364    0.8364    0.7458
    0.8545    0.8545    0.7187
    0.8727    0.8727    0.6916
    0.8909    0.8909    0.6645
    0.9091    0.9091    0.6374
    0.9273    0.9273    0.6103
    0.9455    0.9455    0.5832
    0.9636    0.9636    0.5561
    0.9818    0.9818    0.5291
    1.0000    1.0000    0.5020
    1.0000    0.9385    0.4787
    1.0000    0.8769    0.4555
    1.0000    0.8154    0.4323
    1.0000    0.7538    0.4090
    1.0000    0.6923    0.3858
    1.0000    0.6308    0.3626
    1.0000    0.5692    0.3394
    1.0000    0.5077    0.3161
    1.0000    0.4462    0.2929
    1.0000    0.3846    0.2697
    1.0000    0.3231    0.2465
    1.0000    0.2615    0.2232
    1.0000    0.2000    0.2000
    0.9375    0.1750    0.1750
    0.8750    0.1500    0.1500
    0.8125    0.1250    0.1250
    0.7500    0.1000    0.1000
    0.6875    0.0750    0.0750
    0.6250    0.0500    0.0500
    0.5625    0.0250    0.0250
    0.5000         0         0];